beautiful: [-1.3688022 -1.2648398]
boy: [-1.2045977  1.3686044]
can: [-0.5418091   0.26029423]
children: [ 0.6832872 -1.0086254]
daughter: [-1.1178044 -1.1369839]
family: [ 0.9929922 -0.9225423]
future: [-0.43754777  0.3495058 ]
king: [0.8600612  0.08342463]
man: [0.05348093 1.1474305 ]
now: [-0.94651306  0.7657763 ]
only: [-0.8729304   0.46015522]
prince: [0.6690954 1.212434 ]
princess: [0.8468873 0.5226464]
queen: [ 0.45890674 -0.7914091 ]
realm: [ 0.43352002 -0.9279783 ]
royal: [ 0.57931876 -1.0499104 ]
rule: [ 0.82716703 -0.5857244 ]
son: [-0.5071175  1.6089387]
strong: [-1.0395274  1.5985358]
their: [ 0.66103125 -0.9436734 ]
woman: [-0.34705597 -0.08890723]
